0337578
0113253
0995868
4901306
0361696
1287878
0410730
0431308
5096470
6988116
0251114
0120789
0437800
0785006
0339135
9426210
0435761
0075784
0160862
0042530
0331933
0044837
1714203
0805184
1389127
1798684
0077269
0169858
0080117
0815178
0120910
0031885
1618434
0385004
0455967
2193215
0400426
1921149
0443274
1028528
0059274
0019421
0125659
1655441
0486946
0113986
0293007
0130827
0762073
5690360
0374339
5113040
0120746
8442644
0051337
0052572
0095294
1588170
1981115
0096118
0373469
3175038
0040369
0304711
0102768
1833673
0058888
0454987
3504048
0120390
0212985
0455590
1355683
0112401
0460890
1104001
0105665
2784936
3152592
3097204
3721964
0093677
5360952
4244162
0110308
0284490
0988047
0112431
1142433
0770752
0111732
0115433
0810784
1783232
0036868
1139668
0134067
0808417
0060107
1727776
1232783
0096438
0423169
0250323
0233469
0811080
0119215
1855199
1729637
0805647
0164181
0401445
1711425
0400234
0368709
0364045
1911644
1216492
0120008
0115683
0085862
0970179
0800320
0075148
0080801
6494418
1293847
0082377
1037705
1754656
2937696
0292542
0089424
6452574
1616195
0297284
0420206
0104254
1658801
0308152
3471098
1111948
1578882
0869977
0119142
2268016
4030600
0108238
1131729
0252028
0118767
6527426
1371150
0199753
0467197
1441395
0109676
0249478
0410369
6679794
5093026
0473367
4971344
0349683
0112913
2923316
0112715
0054189
3774114
5913798
5270948
0042208
0097499
0420332
1121096
0181875
0427969
0188674
6398184
0082971
0070666
8649186
6513120
1675434
6257174
2528814
0061578
1836808
1092026
0410097
0319736
2139555
0384680
2669336
4016934
0114608
0367089
4501244
0241760
1134629
0101787
1686039
0403217
0393735
0172156
1231287
4257926
2334879
0112896
4009278
0118966
0113117
0120241
0099365
0041094
0088939
1038686
0103874
0096219
0444182
2417712
0075147
2040560
0091059
0111438
10183816
0245803
4720702
3393786
0211915
0085333
0089908
0398286
0422401
0109424
3778644
0159097
0062136
0371746
0248408
2126357
0086022
10060094
0076070
1174954
0180093
0091149
0047573
1322269
0056592
3062096
6146586
0102719
0031867
0071402
0097239
1508675
0802948
3276924
1302067
0132477
2403029
0346336
0071141
0385267
0031381
1932718
0390808
0039694
8633478
0088272
0427954
2016894
0087553
0100486
0082010
2852406
0382189
0385307
0256415
0040897
1182345
0418362
5133308
0780608
0499603
2125435
0972883
0289992
1465522
0084934
0208092
0082198
0808279
0083946
0166396
0094608
0146984
0312004
0270980
0089881
0318081
2994190
1860242
0139654
1446714
1017456
0349205
2106476
0089927
0231775
2218003
0436339
0215545
2872718
1894476
0382077
6628394
0067309
0120434
4680182
0076786
0493405
0120791
1233301
1547234
0417433
0824758
0491747
1415283
0114614
0119051
0099740
0119123
0107501
1605783
1260502
10618286
0046521
4799066
0986233
4486986
0236640
1827487
0473356
2446042
0114787
0080388
0074851
0093748
0077294
0259288
0160399
0054248
0089869
0117998
0084809
6495770
2247476
0079470
0117407
1704573
7315484
7043012
0055852
0118983
0466856
0118849
0057611
0303361
0120654
0401383
0344510
0118570
0070130
0087843
3064298
0180734
0112817
0111201
0286751
0048380
0804492
1068646
0120903
0120831
0081070
4954522
0089280
1133991
0377092
0090190
0108186
0405325
1532503
0094012
1667310
0116704
1373215
2209764
2358891
1462769
4005402
0071807
1001526
0065571
1448755
0057869
0914863
2638144
3622592
0230011
0380623
0109439
5662932
0238552
0041959
1814621
9086228
0368891
0094332
0964185
0104952
0865556
0111255
0120604
0417217
0338466
0185431
0209144
0236348
0865559
4925292
0089853
0094226
3385524
2315596
1583421
2517658
0067093
6476140
0405821
6673612
0477095
0157503
0112642
0100232
0113442
0914798
0304141
0094889
0363589
2076298
0069281
0118589
0099558
0108002
3289728
0104692
0079367
1139592
1023490
0780607
1781922
0081573
0101316
0084917
4913966
0099703
0074806
0096256
0757361
0063415
0081383
1757746
1067106
2330322
1712192
0465494
0236784
6316138
1403988
0419294
0186975
0066763
0297884
1085492
4878482
0860906
1860213
0227538
1412386
0069895
0095159
0065112
0120185
1217209
1077258
0096969
7153766
0386064
0055798
0387898
1441951
1928340
1800302
0108473
0073636
6742252
0235737
0377084
0119594
0465502
3263614
2524674
0800308
2965412
1083452
0814022
1430607
0316654
0099528
2473602
0990407
0106598
0141098
0106220
1648216
0907657
0185183
2980210
0114906
1285016
0389860
0092086
5688996
3697626
0205177
0313670
0111418
0406816
0373926
0892791
1194417
1464763
7489816
2937898
0067277
0099871
1810697
5323662
1234541
0084412
0385752
0978764
0076729
0106941
0893412
1017460
0110647
0156812
0097328
3658772
6821012
0365830
0366777
0309530
0279493
0055913
0281686
0478304
1564349
0047892
4560436
0469494
4666726
0443680
0131704
0079641
1981128
0088814
1337057
2304933
0286244
1045772
0234215
3756788
3521126
0427152
0112682
0061722
0293508
5959980
0106761
0113228
1161864
0097958
0037017
0195231
0034167
0844457
0806027
1045778
1527788
3775086
3174376
6908274
0399854
1392190
0101627
0450345
0859163
1555149
0093010
1032751
0113862
1372686
2659414
1259014
4877122
0243736
0435623
0107286
0120148
3450650
5607714
0057372
2543472
1247640
1235522
0100318
4154796
1979388
0804516
0056443
0070917
1478964
0219822
0097523
0256380
0427582
0056264
0105690
0065063
1798243
7343762
0071615
0099160
0087363
0069768
1686821
1736633
0265298
0109198
0425601
0253828
1926313
0099785
0272020
0108052
0089941
0080549
0106673
1307068
0080025
0100477
10682266
0080745
1071804
1131734
0036613
0119196
0421238
0896872
0120762
2562232
0053172
2690138
1654523
1016301
0089886
0970452
0385887
2334873
0098327
2011311
0063823
0060675
0405469
0091396
1193631
0099334
0783532
2119543
0111495
8404614
0437086
0062695
0785077
0110657
0310281
0069191
0097289
7334528
0278435
0437857
0040068
0302640
0098724
1659338
0108188
0365847
0316465
1103275
0222851
4443658
1321870
0404030
0420251
6436726
0022100
0094027
0816462
2554274
0084707
4052882
1226240
0096787
0879843
10324144
1586265
0204946
0115734
5322012
0119448
1441326
0095953
0109456
0283509
0062229
0497986
1590089
2053425
1833116
5539054
0884224
1262416
1132620
0348593
13143964
1458175
1051907
0133152
1386932
0369702
4411504
4572514
1441953
1343092
2343793
0792965
2368553
0106918
0217869
1187043
0055257
0246464
0306734
0026174
1590193
0113097
6768578
5363618
11390036
0110148
0084516
0393109
0374563
0120202
1594562
1285241
1959563
0060802
5635086
6472976
1195478
0090927
1568346
2006040
7294534
1922777
1130988
0100054
1482459
0457495
0367631
1190539
0346156
5013056
2660888
0266697
7212726
0914797
5312232
1715873
0102070
0067411
1790885
0097123
0449088
0308353
0106519
0120834
3183660
0374536
0497137
0059037
0880578
1178665
3530002
1925421
0970468
1969062
3402236
0278504
0054407
0983193
5083738
0408790
0103956
0115678
0077742
4714568
0082398
0485851
0379865
0174856
1167638
0425413
0096244
0070735
0051554
0088993
0144715
0421239
2404233
2980472
3569230
0046911
2372251
1314655
0108539
1242545
1034314
0441796
2719848
0291350
1706593
0118531
0037988
0369735
0080569
4225622
0192111
0466816
0104265
0458367
1714209
2505294
0051658
0275491
1481572
0083987
0110538
0433387
0443465
0313911
5982852
0116130
0039192
1086772
0114168
0074896
0073453
0107048
1179069
1356864
1422020
1172049
4693358
2358925
0081534
0033152
0102511
0090859
2870756
3317234
0448694
0155776
0072684
0034862
1119191
0087182
0365957
0381061
7957694
7286456
1611224
1772264
0112573
0163187
0367085
0490204
0066206
0358135
0167261
3606888
0317303
0384369
0114852
0068361
3813310
6439020
0023245
0121766
0490181
0265029
1230165
0134619
1954315
0120694
4846232
9252468
0111143
0113972
3793788
0085382
3949660
0118760
1531663
3522806
0165854
1313139
0117119
3783958
4218572
0116151
0123964
0369672
0116095
0028772
0811138
0117765
1692486
2667380
0231402
0368933
0090655
1991245
0060666
0240462
0323033
0105327
6806448
0090728
2481498
0455857
4364194
0090329
6836936
3685236
0062138
0120520
0097138
5715874
0091369
0082533
0443272
3908142
1173745
0360201
0375568
0470883
0299172
0120533
1922685
0310775
0116421
1291580
0050419
0816442
0099052
0056801
0117107
0113321
0088414
0234829
0098635
0184526
0166276
0108526
0864761
10539608
0364517
0091790
0021079
0257360
0892769
0808276
1053424
1261945
1716772
2282016
3774466
3478962
0138097
1403865
4193394
3233418
1226273
0362269
0313792
0109035
0974014
0422093
4721124
1454029
2365580
0117372
0480249
1032846
0057298
3387520
1065073
0058898
5523010
1183251
0437179
0010323
0107630
0805570
0267626
0453556
0327679
0434139
1573072
0105323
7485048
2763304
0083929
0086465
0097981
0247745
0122690
0861739
7772582
0091828
3171832
1980209
6791096
0110638
5085924
0196229
0113326
0841046
0388795
0105417
2752688
0101829
0117628
0432021
0309912
0337978
0978759
0100802
1667353
1253863
1865505
0243609
2764784
5431890
0213847
0364955
1592873
9243946
0378194
1270835
0123755
2132285
0073312
0492486
0098577
1434435
0286788
0183869
1135503
0107144
0059229
1194173
0413267
0163983
0161083
0144528
0462229
0023042
0093693
0804540
2011971
0089885
0144120
0989757
0134273
3450900
1706620
0320244
0233422
2241351
0041090
0097940
0097050
0236027
2294677
0070511
0086383
3477064
0320661
3416532
0100403
5104604
0372588
0157262
0097965
0118744
4550098
0065377
0116630
1985966
0397619
0112453
0166924
7349950
0901476
0089670
0396592
0429591
0055614
5946128
3352390
1340138
0884328
0359013
0260866
3014666
0465234
1411704
1084972
0257568
1274295
0150992
0116905
0091630
2403021
1390411
0110737
3850590
3079380
0097223
3799694
0112462
0101026
0032904
0147004
0360556
1185266
0113501
0995829
0279064
0142342
5638642
0058715
7671064
5294550
0179098
0297181
0111282
0117802
0087727
0038574
1053859
0426883
0389790
0495596
3082898
1748197
2235108
0078480
0100436
0116367
0037515
0212346
0314067
4669986
1480656
2071550
0066601
0491175
0825236
1068680
10362466
2058107
2386490
1323594
2637294
0051411
0268397
3390572
1133985
8359816
2872518
0078721
0102587
0078908
0340855
0809504
0119488
0078788
0906108
0035423
3960412
3864056
0479952
0270288
6697582
0006864
0102782
2452042
0058331
0838247
0105585
7618184
1220198
0056058
0338188
0332047
1436045
0071129
0052618
0097388
0399146
5834760
1535616
0086969
0078087
0080120
0096426
0173716
3717490
1321860
0482599
1410051
0108451
0875595
0146675
0804522
5437928
0331468
3672742
3169706
0075029
0257106
0096018
0119008
5580390
0238112
1270798
0098645
0110366
1981107
6484982
0055256
6182908
0118956
0446687
1179891
0107034
0758730
0390384
0181739
0436697
5225338
0472062
3631112
0120832
0466909
1153706
3922798
1176740
0145487
8041276
7550000
0947802
0120458
5929754
0799949
0988849
0245712
0107362
0795421
1245112
0851578
1571222
0118539
6294822
0995031
0119167
0906734
0145531
0212338
0047136
0113198
0482088
0085255
0087032
1132626
0120667
1872194
2398231
8485364
3721936
0986264
0120053
2458106
0411061
0110613
1430626
0120004
0088847
1216475
0114702
0418689
4430212
0106701
0254455
3729920
4191580
0104691
0116999
1046997
1521848
0217505
0102343
0111512
0425061
0163651
5776858
1051906
0365737
0363988
0117438
2793490
5968274
7549996
0959337
1519461
8652728
0068611
0108101
10350626
0795441
3014284
1801051
2267968
4438848
4776998
2481480
1840309
0421729
7312940
2639344
0092666
0120524
0218967
0338216
0375679
2005151
0380599
0114388
10199914
0082933
3717532
0458481
2446980
0281820
0293662
0098546
0298408
0195945
0119822
0462322
0045888
9860728
0803057
1231586
0469623
0115685
0090555
0348333
1653690
0164961
0402901
1638355
1618442
0044008
2378281
0106452
0220832
0041452
2510894
0109936
0105226
1191111
0198781
0269389
3733778
1440232
0851577
0048605
0399201
0067549
1311071
3172532
0080661
1552224
0203009
0107254
2356180
0983213
3177316
1320261
0127723
0099472
0408985
0102915
0082694
0762125
1366365
0091867
7605074
1640711
0365485
0061747
2404463
1325004
0092563
0095467
0073195
5610554
0101272
0059319
8590896
0314498
0144640
0861689
0110678
1458169
0107473
0052738
0095593
0119395
1931533
2170667
0395584
0118665
0378947
1172570
0119173
5466186
0441773
2974918
1361318
1673434
0088979
2679552
1600524
0115963
0087910
0395495
6850820
0070215
0401855
1067583
1485796
0278731
0281373
1212450
7139936
1462667
1456635
0157472
1294213
5797184
3149038
0090967
0131857
0081184
4195278
1013752
0099044
0100934
2387559
0452623
1142800
0107302
0119256
0780571
0120776
1747958
0440803
0088000
0116289
0091209
3547740
0112579
2103267
0100263
0271383
0110950
0229260
0301357
6738136
0120820
0089421
3963816
2359024
1183374
0430105
0109579
2387433
0092618
0806088
0433362
0310357
5563334
0381348
3029558
0370986
0095897
0058461
2083355
1877832
0044706
0120591
0435705
0095801
0094118
0303816
6299040
2061702
0024034
0780516
0986263
0111693
0089560
0118887
4341582
0061770
0264472
0094739
0188453
0082495
2181831
1504320
3488710
0271027
4163020
0227005
0298744
0106627
3086442
1758692
0075066
3181822
0404802
1142977
2217859
1213641
7125860
0118301
1083456
0119210
1440161
1093357
0804461
0070233
0050212
0119891
5164432
1588334
0253997
0119558
0032976
3612616
0075824
0838232
3623726
0275277
1464174
5028340
0090095
1632708
1606378
1365050
0213149
1646971
0095270
0119707
0094336
0061452
0486051
0107822
0360009
1214962
1439572
0095468
0113347
0096320
2339741
1010048
0012364
0162222
6491178
7984734
0464196
0094862
2070649
1764234
0033729
1291150
0082509
5460276
4139124
1536044
0416236
0095956
0804463
1082601
1413495
0014341
0433442
0331953
0086250
3164256
1186830
4624424
0100685
0120265
0117500
0358273
0028333
1396218
1179025
1976000
0356150
2027140
0076276
1320253
0101258
0069945
0061811
0475276
3296908
1731701
0082340
1549572
2709692
0041699
0125022
0780511
1985981
0210070
2321549
0099371
0499556
2319580
0110222
5595168
0120616
0485510
1883367
0473753
0398017
0408524
0117496
0195714
0023969
0101393
1166100
0113010
0155975
0471030
8242084
0104815
3322940
0074084
1440732
4094724
1650043
5022702
3152624
0107091
0082783
0103850
0095687
2094018
0059017
0055184
1277737
0457400
0216651
2725962
0151804
0250081
2140479
0115986
0077594
1965272
1230414
5519340
0098622
0417658
2557490
0112641
1559547
1613750
1498569
0075968
1472584
0108148
1125849
0050783
4285496
0115624
0047445
0110081
10230426
0388980
0067116
0107207
0047396
3089630
0816258
0110413
4651520
1964418
0090021
0094612
5362988
0027977
4728338
4701182
0790712
0092106
1033643
0079095
0110357
0116231
1489887
0265087
0040725
0439815
2366608
0034583
0449467
0230600
0232500
3735246
1179933
0119314
0107290
0092605
0042876
0430634
7347846
0097474
0091288
0808339
0338135
0127357
0101761
3508840
0120686
0063374
1073241
0084827
1663202
3731562
0104756
0048281
1735485
0302886
0087909
0109555
4635372
4799064
0073018
0116483
0098987
0032484
0077578
0095016
0367594
0356618
0119718
1216491
0118798
0470765
0218553
0086873
0116654
0029870
3099498
0246677
8359848
5117428
1447972
0043137
0452594
0118954
1302006
0060862
1999890
0089907
2179116
3640424
0120082
0097443
0467406
6565702
0234000
1714210
0106881
1615918
4667094
0402399
1441912
3654796
0082782
8364368
0095705
0075005
0296572
0063522
2349144
5195412
0120777
6266538
0116778
0162983
0118617
7959026
3281548
0105695
0378072
5640450
8130968
1414382
1308729
4262980
0107007
9248940
0085811
1705786
0910905
0119654
0091203
0218839
3369806
0161860
1620719
0090056
0095742
6998518
0361411
1038988
3297330
6450804
0066434
8151874
0963966
0097937
4103724
0060232
1287468
0367188
0775440
2172985
0315297
1229340
3104988
0913445
0069865
0107614
0787474
0390221
0104940
0457297
1596345
0422091
0069947
1386703
0029843
0050986
1490017
4387040
0079417
1656192
0119177
0101507
0061735
0362165
0107050
0116329
0071746
0107756
1791614
0119311
0096332
2568862
0252480
0404254
0845448
1827512
1170358
0381707
0119432
0118055
2299842
1371111
0023027
1075747
0117913
4481514
0405508
0113540
0470705
0119345
1809398
0372824
3286052
1075417
0290002
1876277
1847731
3467412
0479884
0379889
7242142
3137630
0270846
1029120
1119646
0076618
1171701
8108198
0064418
0488658
0097368
0055254
1245492
0094890
0435651
0096061
1720616
0479647
4530884
0436331
0114148
0111507
0162973
3083008
8936646
0021577
1608290
1648190
1440292
0117666
2948356
3405236
0780622
3671542
0119313
0294870
0469263
0064757
0283111
0276816
1971352
0056241
0071360
0211181
0056937
1247690
0089880
0477078
1396226
0111280
0337921
0377471
0082176
1588337
0060474
0119223
1196956
1828995
0110598
3120280
0053168
0411477
0055032
0146336
0332136
2205697
4196848
0106770
0031971
0084865
0259393
1226774
2095649
0100994
0951216
0448134
1032819
0388419
0395251
5774450
7549892
0063385
1748122
0074812
5719748
6663582
0250258
1582248
1305806
3966404
0098384
1275863
2582576
1565958
0082307
1725795
1071875
0324133
0060584
1001508
0110857
2034139
0240510
1621045
0455326
0104029
1121977
0017925
0179626
8075192
2096672
0119670
0101698
0114781
0050613
0783233
2083383
1694542
0080749
0116860
2935476
0111323
0249371
0078754
2631186
0033373
0219854
0379306
0081696
0101917
0120728
0115561
1365519
0044829
0814335
0253556
0205271
0264395
0117039
0118688
0026138
0800039
1037218
0265086
0048956
1640484
4302938
0424774
0398027
0111161
1995341
7846844
0077651
2278388
0108147
0065088
0285823
3835080
0120913
0300471
0034248
0092804
0072443
0077416
5084170
0098206
0079871
0096945
1777034
0118929
0089730
1620935
0412922
0490086
0244316
6751668
6259380
1127896
0386741
1778304
0104412
0490215
0096928
0090966
0036027
1634013
0071230
0166175
0073692
0367027
0086373
0156794
0263975
3848892
1375666
0050083
0365929
0371724
0030993
0046303
0099204
0112384
0454945
0100485
0113101
1647668
10530176
0098536
0091680
1440345
1433108
8350360
0819714
2980794
0866439
0243493
0102266
1174730
0462396
3042408
0073540
0409184
0140352
2002718
0244244
0376127
0335345
0120731
0099892
0100594
0119472
1798709
2493486
2097298
2488496
2199571
0113957
0455960
0325596
0078504
0398375
0145893
0103644
0758774
0049408
0245844
7167686
2338454
1258197
0455323
1067774
0159273
8526872
0098282
0116209
6952960
0106611
0326856
0364751
0427229
6826438
0067800
3076658
0064612
1243957
0061512
1137450
0051808
0083908
0099819
4501454
2802136
0120596
0082817
0077588
2106361
0094072
0134618
0092240
1018818
6101820
1783732
0287467
1107860
0088286
0086491
0365748
0101452
1657299
0098067
5657856
1328634
0368975
6485666
1386697
0482572
0118884
2459156
0017075
0462395
0079240
0102526
0808244
9214832
0085407
0047811
0456149
0090060
0120689
0107983
11024272
0079221
0454970
1839596
0948470
0318034
0185014
0974554
0093629
2309961
0116629
6924650
0120828
1673697
5862312
1206885
0091278
6788942
0086034
0286716
0460745
5628302
0410297
1487118
0432291
2064968
0099938
0139462
0844286
0380510
0093713
0255589
2249221
1798188
0177858
0096487
2140203
3327624
2855648
0449951
0120070
0118636
3976144
0057187
2436386
0048960
0107688
0462590
0311113
0087298
1639084
0049902
0335266
0059800
7133686
5541240
0114887
1210819
0107843
1416801
0368667
0342735
7616798
0076257
0457433
0075276
2178470
0091217
0280609
0097722
0016220
0402850
0870984
0945513
2404425
0097778
0071562
2390237
0114069
2140465
0434124
2938956
0144214
1284575
0100201
0457655
0480255
1907668
0101545
0115697
0075223
0090670
0862856
1456472
1823672
0048545
1675192
0086525
0070707
1047540
0037635
1151922
1491044
0103923
0465142
1297919
0870090
0463998
0032455
1029235
0263488
1025100
1201167
0102943
0109068
1976009
0117731
3532216
0367959
4547056
0119643
3606756
2873282
0472033
2650978
0339291
0495034
7668870
2450186
0074486
0070723
9477520
0097493
6060156
0097216
0120912
5639354
0383010
3846674
0062824
2799166
1185420
0266465
2140373
0116361
4326444
2869728
4995776
0367882
0038762
0118694
0070328
3714720
0120102
0113526
0120609
0089017
0189584
0372873
0110213
5246700
0462244
0881320
1723121
0311289
0092593
0104237
0080923
0479528
1320082
0424227
0047296
1967545
0109117
0116365
0475394
2281159
0113071
0183523
0162650
0848228
1640548
9071322
0110687
2935510
0130018
0249380
4361050
0119053
0120841
2543164
1114677
0091778
0056923
0273435
0418832
0095271
0120631
0102059
8580274
0285742
1438176
2059171
0962736
0108265
1188982
4468740
2378507
0120901
0120483
0787523
1360860
0295289
0051207
1078588
0069089
0012349
2872732
0128445
0384116
5247022
0059749
7608028
7318202
4048272
0074102
8075260
1614989
0115571
2561546
6511932
0319769
0815245
0338459
0061847
2017561
2106651
1705772
0078966
8085790
3442006
0077369
0075675
0276751
0979434
9784456
0089374
0109444
7040874
0113819
0118751
7886848
0289848
5220122
0460792
0424880
0106664
1716777
0086879
0082766
0097758
2398241
0102536
0091530
0107096
0110443
0408777
0167456
2258337
4136084
1182972
0165929
0482571
1821593
1790809
0091129
0065126
0054387
0488085
1392197
0328107
2515034
5710514
0091949
0396171
2955316
0385705
0077523
0104036
1883180
2372678
0220580
0249241
0298203
4972582
0114709
3794354
1582507
1742334
0082427
0375154
0096098
5057140
0138704
0453548
0048452
0454921
0095179
0119109
0101516
0817538
7221896
4025514
0104561
1619029
0105643
0362478
0449089
1300854
0318283
0421051
6292852
1656186
0422272
0273517
1462758
2304426
3564472
1334512
0253754
0164108
0110725
0462504
1727824
0288439
0125664
0964587
8954732
2193265
0451279
0108358
2388771
3708886
0259711
0208874
0120152
0209958
3416536
1996310
0961097
0108174
0279778
1320291
1515091
0107798
0045891
2884206
0896798
7048622
3316948
0104558
7748244
0267913
0117420
0079501
0092067
0283003
0291341
2580382
1477855
0083722
0102034
0795493
1216520
0048254
1270842
0414055
2891174
0338096
1572315
0094894
1097013
1780762
2404311
0264796
1314228
0328828
0443632
0095174
0055824
0105046
0790628
2652118
0112851
8907986
4209788
5816682
0366780
0144964
0055304
1860357
0051201
1313092
0087884
1535108
0410377
0110882
0031455
8096832
0923811
1316536
0117381
1821658
1854564
0093137
0291502
0346491
1727770
0220099
1045658
0427944
8291806
0064665
0144117
0926084
0023238
0091875
0191397
0887912
0069697
0424993
0107076
7725596
0242445
2199711
0093075
1612774
1217613
0382628
0120662
2124787
0120797
1068641
0181852
11388406
0091223
5813916
4555426
0115857
0200027
0116707
0387877
2224317
3148502
0392878
0316732
0076759
0412536
0167260
0402910
1534085
0120157
2167202
8983164
0104714
0457572
1825157
1588895
0412019
0095107
2039393
0385700
0258463
0369441
4934950
1231587
0443473
0118845
0073650
2321405
0876563
0111503
1355644
0116830
8836988
0083767
4849438
1465533
2172584
1318517
0099699
0120768
0873886
1512685
0237534
0337697
0089606
1185416
0397065
0114825
0963743
5997666
0316356
0063611
0367495
1292703
0401792
1758830
2216240
1859446
0762114
4795124
0055277
0062467
0784972
2345567
1499666
1046173
0112819
0365907
1336608
0464154
0116313
7914416
0192614
0804497
1187064
0116287
1230448
0332658
0478970
0376105
0085743
2617828
0162346
0041996
0082406
0415965
0464041
3501632
1029234
1477076
0327084
0116191
5109784
0251075
1126590
0164912
0988045
7339248
0093936
0044081
0045758
8850222
0351977
3410834
0166813
0089822
0145660
0110729
0425123
0133046
0067541
3659388
2180477
0498399
0069495
2094064
6900448
0368794
0897361
2212008
0105428
6980546
1411250
6189022
0100260
0247586
1447500
1959332
0450314
0239949
0096933
0363282
0091541
3741700
0045061
0116669
1403981
0790686
0318462
0082517
1186370
0087995
0049730
0124718
0252299
0400525
2101341
0405159
0242527
0281322
1225822
0352343
0099329
1123373
0095765
6218358
0120716
0093886
0110076
0076221
0405743
1570989
0800027
3447364
3253930
1058017
0101700
1423894
0385002
8688634
0298130
0308878
0327597
1389096
2302755
1464540
0018773
0117333
0889583
2726560
0053125
3678938
0087781
0066491
0452694
0079638
0041716
1391034
1591095
1023500
2382009
0101318
2032572
1920849
1368116
6803046
1829012
0256103
0112966
0209077
8134742
0313196
0083511
0435625
7059844
2187153
0080339
1550312
2359810
0361925
0465436
0161081
4432480
0064541
0081562
0091763
1216496
2358592
0397078
0430912
6823368
0085127
0091499
0090852
0324127
1708532
0114319
0300140
1095174
0069113
0371552
0099653
0120623
0116040
3698408
3544112
0018578
0102005
0061655
0022958
0118708
0091042
0210065
0359423
0096874
0085334
0120783
3498820
0129167
9252508
0109635
0055630
0259446
0114814
0810819
0085780
0329101
2591814
0375173
2231461
1014672
0055499
0100935
0120685
2331143
0871510
0093822
1562872
0120660
3882082
0084726
6324278
0238936
0107969
2990140
2084970
0397044
3179568
0077975
0488604
0048424
8372298
0256276
2016940
0461936
2671706
2960930
1433810
0097162
1160368
0054067
0493464
0407887
0084649
0081974
0139699
0113409
1682180
0099776
0258000
3195644
1024943
0089155
5580266
1422136
0098360
4332232
4385888
1042877
0083944
0087921
0067824
0082089
0142192
0489327
1179034
0421206
0075314
5052474
0082432
0362270
0349903
0295701
9866072
0241303
0112625
4263482
0022158
0332379
0100135
0093507
2231253
0218922
0081698
0423866
0063350
0120738
1136608
1694020
0062687
0234354
0114496
4520364
0080472
0068154
4622512
2547584
1615065
0239948
3203528
0050976
0219699
2140037
0335119
0360717
1431045
2380331
0040724
0036855
0454084
1204975
0299117
0054389
1152836
0126250
0081114
0298148
4669264
0369610
0342258
0430357
0318374
0283832
0165546
0292490
0384286
0800325
0094947
0089686
0040662
0128442
0108550
0283632
1031969
6367558
2409818
0086979
0273923
0100530
1766094
1386691
0438488
1234721
0409904
0129332
2262315
0112744
2937366
0181984
0100405
0065832
1702014
0462338
0112571
4019560
0111127
0105211
0416044
2704998
0047478
1211837
0455760
3717252
0247638
1891755
0110200
0102175
0348121
1073498
0428870
0087015
2039338
7329656
0105378
0120701
1034385
3203616
0104438
4139588
0289765
0315824
0074751
3824458
0465602
0080855
7469726
0331811
0303714
0169102
4281724
4935334
0035140
0353489
0099487
1197624
0106912
0492619
0110364
0264150
1856101
1179258
5215952
0031725
1850457
1821549
0133363
0057193
7431594
1172994
0051383
0033563
0110932
6018306
0096251
7946422
2870612
0298228
0898367
1731141
1205535
0240772
1843287
0177971
0369226
1599348
0074119
8816194
0289635
0318649
7959216
3759416
0120744
0387514
0271263
0053619
0077745
1577061
0089461
0345061
4786282
1808197
0099739
0119715
0179116
0057603
0119951
4633690
7074886
1595656
2210479
0120255
0063462
0089013
6288124
0107507
0357111
0095444
1402488
0015324
0105121
0183790
0088194
0149261
0255819
1226753
2576852
0097179
1606384
8522006
0822847
1530509
0109842
0183505
0033045
1146325
1059786
0041866
5286444
0295427
4943322
0444653
0364385
1397280
7390588
1315981
3841424
4679210
0791304
0110265
1217213
0891527
0091445
0216625
1082868
0122933
0095560
1334102
8772262
0093560
0164334
0091799
5758778
0116552
0431197
0060268
0109327
0178868
0082474
0047472
4805316
0075612
0097390
0857376
0083943
0454876
5814534
0313737
0425112
6199572
0096163
0121765
6288694
0049038
0368222
5177088
0213790
0095583
0094761
4513674
3231054
3863552
3612126
4120176
0046359
0480687
0066993
0318974
0326977
4779682
5078204
0036244
0109445
0805564
0111333
0277434
0366551
6206564
0067140
0400497
0322420
0112857
0472043
0133385
2637276
0817230
1465487
0213890
0424205
0211933
1085779
0454776
1332134
0113247
0453671
0102789
0113677
1524930
1389072
0499554
0267804
0081375
0053318
0087985
0357413
2334871
4698684
2304771
1447508
2281587
0959329
1540741
1821480
0117826
0839980
0087332
0439289
1971325
0277941
0362120
2788732
0388482
1581835
0043924
3819668
0156934
0267891
0080354
1355630
1718924
1572491
0120751
1496422
0056197
0069704
0092654
0116790
0372784
1457765
0143145
0377981
0039689
2823054
0047834
0245674
0120786
0102603
0049314
1435513
0105699
0308208
0307987
1554091
1625346
0275719
0144201
0413895
4815122
0117737
0242519
0052311
0104114
2438644
1175709
0976222
1437358
0165710
1232200
0116213
1839494
0097457
0091860
0068612
1954470
0110008
0082484
0338097
0112922
0065988
6380520
4595882
0453451
2118624
5956100
0961722
0892318
0109642
9777644
0350258
0337876
0117247
1381404
3202202
5478478
0317919
0146309
0822854
5727208
1231580
2258858
1545754
5649144
0093578
4648786
3513548
1327773
1690953
0050105
1316037
2222042
0302674
0476958
0126388
0048261
0319262
1772424
1531901
1449283
0116242
4532826
1259521
1586752
4303340
0126604
0090863
0058576
0091306
0075213
2194499
0119807
9000224
0435679
0326769
1226229
1667889
1189340
0084745
0105477
0115964
0460989
6781982
0116922
0279781
1188113
1321511
4520988
0117108
0057345
0119381
10620868
2872750
0275847
0443453
0102945
4758646
0162661
0424345
0098354
10514222
0059740
0115751
0114694
1623288
0109348
0067588
0494222
0107120
2258281
0964516
0063518
0064940
1242432
0816692
0097742
1022603
0498380
0944835
10431500
5294518
0097737
2905838
5932728
0180073
0120710
1213663
0139668
1305797
4110568
1714915
0452598
1533749
0099385
0107659
2024519
0119349
1610452
2012011
2209418
0093177
5016946
0059113
0071411
0100758
0004972
0472181
4714782
1129445
0093437
0325055
0165078
0107315
0067328
5165344
0385880
5619332
3766354
0070379
0282687
0119137
1634122
0274166
0087365
3922818
0079588
0119675
0070294
0057490
0374887
2088003
1452628
3416828
1538403
1311067
0042593
0406759
0139809
0977855
0032551
1204340
0831387
0120188
3173910
0365265
0462499
5155780
0091983
3802576
0388500
2229842
0035575
2980592
4814290
0108185
5848272
10919380
5960374
0376541
0283426
2414766
0108071
7961060
0083550
3316960
1127180
3417422
0119303
0985699
0105399
0055031
1924435
1291465
0071853
4244998
0098382
2262227
0038650
6811018
0421994
7734218
0047034
0089393
0099762
0119994
1731697
2377938
0808331
3011960
1622547
1626146
0104926
0071315
1549920
0074452
0083190
0077766
1658837
0082418
0049513
0120347
0303933
2215285
0358349
0076740
1424310
0117665
1545759
0185371
1745787
4781612
0088794
1173687
2784678
2386404
2987732
0133952
0949731
1843866
1034415
0195685
0379976
0361620
1753496
0388182
8946378
0443706
0405676
0800956
0424136
0409345
0461770
0112792
1528100
0119282
0181689
0410764
1838556
0981227
0265459
0065462
0093389
0462200
1596350
0112508
1446192
0107711
3521164
0299658
0816556
0076723
0243017
6408226
0087262
2582500
0119250
1966359
0085549
0369436
0053221
0480025
0077405
0097235
0088930
0118556
0403508
1352824
0086425
2023690
1985949
0408839
0098439
0813547
1972571
0102951
1886493
0929632
0108399
1815862
0105156
4857264
0106977
1951261
1684233
1673702
0274711
1564777
2381111
0116225
0098621
0074860
6535880
8623904
4359416
3300980
0119535
0120577
2702724
0420223
2076220
0050706
0108065
5962210
1502397
4682788
0238924
1099212
2866360
0070903
0048356
0269095
0156841
2322441
0464913
0378793
1598778
0327554
1046947
1183732
4669296
0053137
2168910
0120693
5397194
0291376
4695012
0111686
0083630
0935075
5814592
0088206
0120868
2920808
3704700
0053580
0992911
0409182
0049406
1418377
1837703
5970844
1298649
0083564
2967224
1014763
0046912
0052893
0091419
2234003
3622120
0081059
1712170
0085995
4701724
4191054
2798920
0120787
0399095
0147800
0096101
0021814
1807950
0107211
6336356
0878695
3896738
0096283
1078940
1179031
0051744
0763840
0095715
0043686
0429589
2309021
1273678
1082886
0120857
1972779
0072856
1740047
0164184
5825380
0096794
0228333
0053604
0373883
6198946
0347246
0116250
0100998
4540710
0086197
0947798
0060827
9420648
0259484
0478087
0252503
1912398
9419834
0183659
5776208
0080391
0383028
0120844
0098471
0758742
2404738
0419677
0104652
0105017
1012804
1020885
0107478
0113627
0034240
2017020
0118583
7738450
3832914
0048473
1748207
0083530
0100050
1935859
1506999
0071455
2395427
0094074
0425430
0492389
1341188
0096071
7098658
0449059
0074483
2495118
0176269
0180748
0103893
1124039
1213644
1950186
0261289
0087544
0430576
6173990
0072901
0095963
0119174
0117631
4924942
0079540
0787475
1268987
0072926
0090756
0489281
0094137
0085794
1336006
0119360
5923962
1282139
0375912
7984766
2317337
0125439
1987680
0187078
0070849
1226837
6195094
1375789
5867800
0408306
0240200
0082348
9614460
5310090
0093148
1220888
0120176
0080716
6763252
3100274
2091478
0486674
1655420
2375559
0430308
1121931
0087050
2283336
0110978
0216216
3335606
0799934
7721800
0032701
0118571
0067927
9484998
0960144
4131496
0097733
0090685
0095253
0122718
0093223
0260991
1781769
5822564
0870111
0085959
0247425
6343314
3387648
2368254
0780536
4500922
1413492
1606180
0251736
2101441
0402158
0120540
0119190
2428170
6043142
0067372
3397884
4272866
0451079
0961728
3774790
0245429
1194263
3553976
0090264
0068408
0419946
0469021
0077663
0083624
0903624
0100814
0100944
0425326
1454468
0795368
0154506
2294449
0416212
0118715
0415978
0111477
1252596
2091473
0095863
0105435
2975590
0099005
1032755
2345759
1441952
0338077
3065204
1954701
0105128
5592248
4073790
0445990
0114436
0144168
0227445
0276830
0202677
0432637
0878804
0830558
0377091
0417056
0120587
1570728
0405336
1725986
0381681
0118883
5073620
0295700
0283530
0356680
0071970
1362058
0163978
2230358
0114746
0141369
2709768
0084302
1528313
1308728
0100519
0862846
0091083
1132449
0499448
0401085
0056687
0331632
0157016
1935897
0806147
0120755
4912910
1630036
2226597
0089218
0242998
0427392
0095652
0120177
0401997
0338325
0092005
0111419
0160916
1289406
1663143
0475937
2490326
12749596
0338751
1849718
1007029
0115639
0026752
0109830
0094142
0113451
0395125
1183252
1075110
0033717
0091939
0963794
0119731
0460810
0211938
1560747
0252444
0277296
1939659
1758795
4154756
1057500
0102057
0057358
1411697
1424797
0077413
1032815
1592281
0407304
0378109
1648112
2109248
0388125
0467110
0085970
0110442
1853728
0116311
0298814
0117589
0056663
2473682
1984153
0024184
0158714
0118843
3503406
6723592
0309593
0280760
0420509
0765010
3289724
0045897
0424823
0454848
2361317
7060344
0180052
1995390
0837563
0411195
0133093
2396224
1228987
0106489
1980986
2473794
0071524
2101569
3715320
1032856
0252488
1948150
0859635
0417148
0106341
0085271
0322259
8368406
2291540
0084522
0093624
4504044
0202470
0099810
1937264
0088024
0318411
0478134
3628584
1438254
0095675
0116531
0160184
0120681
0070608
1417075
0345950
2948790
0087755
1023481
0371257
0119695
0052365
0023622
0096463
0186151
0954947
0066473
0243862
1756750
0190641
0359950
0240900
0104009
2235695
0170016
0073812
2333784
0120663
0151738
0084021
0098627
0066892
0120800
4882376
2649554
0483726
1263670
5308322
0164114
0101635
0042804
0119791
0118771
0064603
1772250
0095990
0107554
0337579
4565520
0104694
0094663
0111257
1901024
2652092
1174732
2910274
0255067
0039302
0044391
0115988
0871426
0114594
0046345
0335559
0078872
6902676
0312549
0283900
0476735
0101821
0432283
0138946
0187738
6774786
0110516
0093428
1950235
0810988
1127715
0112950
0253474
1235124
0071994
0093894
0414982
0024844
0112769
0114323
2300975
2848292
9260636
1975159
0384793
0361127
0405422
0093058
4899370
0423294
0080736
0338427
1603257
0416960
0482629
2179121
5666304
4088268
0961108
5121816
0929425
0437863
0114011
1698641
3707106
1049413
0093260
0110963
0069467
1013860
0150377
0113670
1541160
2375574
0808151
0433035
0103639
0055601
0175142
0235679
2011159
2265398
0386140
1483831
0055928
1212974
0099994
1702439
0038854
0085933
0074285
0450278
0346723
1294226
0964517
8106534
0116705
2224026
1084950
0055471
5764096
1130080
2277860
0381940
0110907
0095519
0398165
1791528
1797504
0091538
0109303
1707386
4465564
0087928
0058946
0038969
0211465
1649419
0858479
0068421
1837636
0092695
6684714
1046163
1128075
0066301
0268695
0831888
2025526
0070040
5461944
3544082
0287978
0477080
0018455
4169250
0117774
0800080
0103786
0083658
0455944
4995790
0086200
4645330
0215129
3170832
0489049
0762138
0049966
0117887
0092263
4936450
2674426
5117670
1251757
6987770
1316622
0120696
0200465
0348836
0364725
0780567
0110428
1366344
0780534
2720680
0367110
0106332
0041719
4154664
0071222
0056085
2395469
0405296
1229822
1703148
0266452
0054460
0347149
0118604
0090142
0065234
0044953
0481369
2427892
1601913
6135348
11100856
0118892
0080319
0375611
1667355
0097576
6306064
3348730
0461703
0149624
0366174
5311514
0084503
2582846
0117002
3702652
0054953
0206917
0481797
1596346
7736496
0104850
0382992
0250797
0892899
0100133
0181536
2015381
1261047
1423995
5884230
1126591
3045616
0096764
0498097
1602472
1649443
0397535
5805752
4192740
0377752
6095472
5095030
0054443
2382396
6882604
0091341
1683526
1645080
0476964
0211946
8267604
1190080
0093605
0112760
10039344
3713166
3576728
0462538
6857988
0266308
1869347
0083169
0058777
1680045
0212712
0887883
0058083
0061809
0120125
0101329
8079248
2310332
0362004
2967006
3614516
1648179
0351283
0099726
0015864
0373450
0090888
0332280
0420238
1724970
0091670
1959490
0170691
0775552
0118655
3748440
0419843
0105271
3399024
7533152
1319718
2404435
0399327
2626350
0480669
0375063
0317219
0108333
0076363
1068649
0387808
0110763
0097165
0119229
2309260
0862467
2406566
0340163
0033467
0116277
2381941
0872230
0119086
0147612
0416449
2350496
0097044
0442933
2017038
0094625
4827558
1379182
0090583
8385474
0363780
0185937
0072431
1486193
4687108
5726616
0057877
0038669
0159382
0488414
0089469
2531344
0304415
0087089
0098253
0093818
2513074
0103594
1034389
0120741
0184791
2527336
0811106
0258068
0286106
0059260
0285531
0116996
1427298
0173840
0377107
0808399
0167427
1509767
0058213
0046534
3395184
0254686
0485947
0106471
0463854
1103982
1615160
1192628
0199626
6394270
1179904
0191043
0116259
5723286
1204342
0280491
0093185
0076666
1179056
0411951
1604171
0024216
1742650
0101969
2555736
5893332
0429573
1990314
0109254
0371735
0238380
0104409
0107497
0109190
0101786
0458339
0840361
0810827
1650062
0025878
0106387
3606752
0095800
0398913
0470752
0094721
0465551
1666801
0265651
0117918
1470827
0481141
0356721
1655460
5649108
0325980
5073642
3726704
0265343
3140100
1925431
0806203
0120032
2473510
0810922
3838992
8781414
0131646
2561572
0246989
0900387
1650048
0120601
1623205
0042332
0103919
1468846
0103793
0193253
0106400
0101605
0022913
0089901
5727282
6097798
0083922
0349710
0097659
0190374
0489099
0056291
0134119
1148204
0301470
0102004
2013293
0022286
0062407
1045670
0343135
0458525
5990474
0322589
0100258
0296042
5598292
2229499
0056869
0039628
1833844
1017451
0122541
0119013
1020773
0084329
0418455
1457767
0393162
1103153
7167630
0082136
0154421
0068833
1421051
0347473
0137523
0272207
0120338
1821700
2494362
1924396
1657507
0088889
0435670
0448124
0901487
0338763
0475290
4535650
0962726
0071115
1478839
0120815
1980929
1095217
0117509
0416185
0120907
0335121
0171580
0108122
0780653
0055830
0258153
0154420
3464902
0071691
1235796
0093342
3716530
0060315
0827503
1107319
0080610
0051525
0112442
0228750
0112750
7458762
2140619
10886166
0389722
0026778
0090830
0122151
0762107
0045793
1974419
0181865
0082979
0117958
0054135
2527338
0185125
0242653
0139239
0109402
0117615
2401878
0146882
0103241
0352277
0109831
0158371
0282120
0083833
1033575
0237572
2762506
2675914
6990206
0275230
1232776
0486640
2932536
0484562
4080956
0103596
6916362
4266076
0051378
0110027
1440129
0305669
1399683
0107840
1637706
0097441
0443559
4430136
0293564
5390504
4458206
0102316
0114682
6265828
0913968
0078869
10350922
8663516
0376479
8108274
0258470
2331047
0113690
0105414
0450232
1486190
1375670
2396589
0347304
1734110
1802197
1374992
3165612
1371155
5580036
2109184
0093493
0112281
0092214
0113083
0101764
0107943
1038919
0057076
1093370
5304992
0264323
0960731
3741834
1620933
0120794
1279935
0079714
0077394
0464141
1408253
0113492
2105044
0327056
1193516
0104573
5607096
5606664
0068646
0116260
1054606
0107131
0245562
0079945
0264464
0060086
1474276
0120885
0465624
0110955
2844798
0305357
3541262
0113870
5723272
0063850
0066026
1567609
3461252
2005374
0074958
0091777
4273292
0329717
0253867
2140379
1196141
0089893
0155711
0379725
5463162
6386748
0814685
0118749
7798634
0252501
6063090
0347048
0489282
0103772
0095403
1206543
0095082
0057012
0080516
0381971
0021884
4107858
0099180
0114194
1167660
0243133
1477834
0329691
0397101
2962876
2515030
1634121
1587310
0346094
3289712
0120735
0120873
0088763
0119217
1525366
3850214
0070355
2370248
1705952
2639336
0082085
0158983
0091993
0110322
0142688
6304046
0299930
3682448
3450958
0129387
0110631
3672840
0030241
8239946
2025690
0111001
0089457
0091495
0095925
1355631
0475169
1229238
0186045
0109446
2101383
0098084
1488606
0167190
0384504
2548396
0370032
0246578
0277027
0028212
7642818
8108202
0264935
4900716
0327162
0032553
0127536
1092633
2103281
0065143
0103064
2361509
1395054
0163025
0210616
1189073
0240468
1409024
0418773
6141246
3416744
7170950
0772193
3622110
0388473
1592525
0333780
0047437
0032145
0386588
6107548
1544608
0077711
0882977
0271367
0104070
1272878
0068768
1469304
1077368
0485323
0178737
1270262
1703199
1464580
0364569
0337692
2077833
0283026
0052077
9173418
0065531
0783238
0368578
0110917
0896534
8361028
0099763
8722346
0057261
1895587
0082158
3767372
0999913
1300851
0013442
0068935
0937237
0192071
0063227
0852713
0814314
10189514
1091722
4530422
2381249
0085636
2625810
0983946
0094025
0090837
1438173
0089003
0058279
2177771
0037008
4727512
1343727
0477071
1594918
0479143
1273235
1055369
1629391
5516328
1294970
1700841
0460829
1985019
0079944
0456396
3859980
2101473
0201368
1241317
3385516
0042369
0307453
4832640
0091557
4916630
0120724
0432348
0318155
1966566
0126886
0242423
2195548
1198101
6269368
0383694
0310203
5979872
0426592
0317132
0378897
0899128
0062994
1790886
7832124
0055895
1031280
3312830
0124879
0120363
1270797
0101765
4116284
0062711
1709143
2621000
0213203
1411238
0402894
0115744
0090103
5311542
1213012
0113481
1661820
0072288
0060665
0413099
0338309
0457430
0278295
0360486
0175526
0387564
0266915
0250223
2326612
1289403
0338564
0074442
0089118
0343737
1270761
2049543
0287717
0200087
1134854
0280665
4633694
0088161
0323944
1600195
0247199
1433811
5814060
3742284
0112883
5222918
8266310
0200654
0250494
0104257
1412528
1034032
2179136
0970411
0109951
0115736
0100029
0111797
5719700
0091877
0252487
0455538
0100507
2218988
0038890
0465580
7160070
0317705
0119683
0490076
0079579
0037865
0067128
1661199
0101775
3224458
0830515
0449061
0048728
0209163
2393827
0196857
2431286
1396484
0120684
0910936
4645368
0114660
0084805
1053810
0775489
0114214
4566758
1486192
6053438
1714208
3704538
0370263
2854926
0080360
0072226
0117364
0114924
0028950
0800369
0183649
3371366
0099685
0271668
0109506
1639426
0069097
0056262
0068473
0369339
2333804
0113277
0198021
0093412
0844993
6139732
0038109
1073105
0054033
2752772
0456470
10964430
1655442
1735898
0450336
1699231
1408101
0384537
1713476
0049223
0880502
0078492
0028010
3825638
1712159
0402057
0066740
1323045
1333125
0920458
0139414
0171363
0035169
0082186
2178941
1403177
0325655
0064276
2103264
12567088
0140379
5713232
2400463
0829297
0795351
5316540
1638002
0250310
0349047
7451284
5834262
0093603
0060955
0125454
0217756
5882970
0050798
1979319
0101921
1196948
4824308
4353250
0057831
0420901
0890870
0138749
0439662
0023563
0253779
1240982
0113820
0373283
0980970
0120484
0048445
0105415
6777338
0366548
1602613
2717822
0069687
0275083
2271563
0800069
1149361
1289401
7280898
3319920
0798817
0295254
7126948
0116136
0120824
0070034
5884784
2911666
0117331
3890160
0114898
1440728
0275022
0365885
0104299
0233142
0494271
4158096
0116477
0760311
0396269
0077928
0046268
1598822
1291652
2265534
0120461
0020697
1278340
0110167
0186566
0044741
1542344
2404181
0077402
1545660
0160127
6967980
2771372
0280590
0056412
0251127
0337103
0117057
0107206
1723811
0080761
0053976
0037913
0230030
0119698
0419984
0169547
1514041
1250777
0389557
0245046
0070334
0088933
0105217
5143226
3361792
0053779
1428538
1389137
0145547
2345112
0017136
0122459
0089791
0808506
1621039
0312843
8784956
0763831
3797868
0418819
3892172
4537896
0068699
0102138
0384806
0080455
0067355
0463034
6957966
2051879
0315642
0120769
6556890
0361668
1181791
7057496
6304162
5977276
0091954
0028597
0092925
2592614
0297162
0492956
0246544
0330793
1351685
2883512
0087538
0097351
1596343
0397892
0031225
0047849
0101640
2043933
0120879
2091256
3462710
0488120
0074899
0434409
1259528
1117385
3874544
0032599
0111667
0335438
1841642
1999987
0281364
0463985
0913425
1121794
0454841
0090660
0443496
0485985
2908446
0368909
0086935
0067065
1718199
1817081
0186589
0208988
0189998
2304953
0060390
0190865
0087803
2980706
0803096
2351310
1808223
0490084
0026029
2274648
1859650
2800240
5918982
1316540
0018742
2883434
0062803
0036112
0081398
1951265
0050825
1266029
0758794
0098309
0104454
3722070
0808357
4126476
0478311
0046183
0458413
0385726
0084237
0758766
0223897
0090098
0093565
0115632
0106856
8579674
1999995
0097366
0317740
1691916
0306685
4777008
0445620
0038057
0058333
0091187
1234548
0893402
1054588
6277440
0095497
0063678
0404032
0086567
8178486
5221584
0274309
0128853
10310140
8155288
3774694
0102926
0373889
0057413
7134096
0330373
0166896
0105265
0114576
0045296
0094291
2479478
0455612
0160484
0118819
0076054
2312718
0401233
0100240
0092974
0337563
6285944
0110216
0120595
9052870
1398426
0485601
4986098
2917388
6722030
0082934
2294629
0241025
0244970
0066831
0174480
4853102
0279111
0429715
4270516
0088850
3859076
4172430
2053463
4123430
0292506
0363547
0120679
8707922
3901826
5670152
0095776
0119081
1564367
7488208
0073000
0105488
1034303
0100419
5827916
1392170
0088011
0430770
0325537
0016847
0116583
0137338
0308506
0095188
0460780
0112870
0083131
10059518
1020072
1527186
0445922
1602098
0414951
0064782
1620680
0065421
0103074
0112818
0437405
0446755
2402927
1911553
6040662
0102250
0292644
1742044
1294688
0810913
0160797
0803061
0077713
0092272
0865554
0104779
3829920
1741243
0431021
0473308
1204977
1164999
3907584
1064932
0203119
2326554
1111422
0040746
0094812
2347569
3138782
2032557
0993842
0113118
1656190
0085210
0837562
0421715
0090350
0097815
0089173
1410063
0091431
3007512
0106226
0905372
0120855
3411444
0285462
4218696
2737050
0095250
0780521
0110116
0112471
0268126
1610996
0433383
0043265
1486834
0061107
1288403
0082846
0398808
0115819
0070544
0391198
0120647
2571140
3014866
0141926
8983202
1212428
0279113
1087578
0395699
2170593
0055018
0089543
0165982
0238546
0107426
0138524
4686844
5935704
0059183
0318627
0497465
2093991
1186367
0039190
2278871
0098105
1521197
0082949
0288045
4009460
0997152
1767372
0306047
0087175
4226388
0092513
0132512
3595298
1640459
2486678
3647498
7581902
1434447
0120669
1628841
0086006
0443295
0110622
1219827
2261287
1800741
0971209
5439796
0109686
0037101
1405810
0210945
0120772
2024544
8110640
0787524
0085701
0106308
3799372
1242422
0281358
0384819
5607028
1311060
0102614
6857112
0328538
0115862
1951266
0119978
0098625
7456310
0466460
0248845
0100828
0028096
1183665
10161886
1156398
0425210
0450188
4630562
0924129
0758752
0419887
0086856
0406650
0480271
1267297
2103254
0090605
2424988
0265662
0104231
0910554
0452608
3906082
0109890
1276104
0045555
0076929
0433386
0858486
1343097
0848537
4468634
1560139
2245084
0115783
0076504
0449999
0844708
1578275
9606374
2692250
0443489
6820256
1231583
2004420
6474040
2357291
0099348
1661420
2279373
5657846
0103905
0964539
0087747
0250224
5164184
0113419
0857190
0118928
1028532
0106965
0096446
1598873
0484740
0383060
0988595
0092494
0146316
0221218
0758771
0841044
0816436
0088708
0355702
1535970
0062765
0086312
0060959
2788716
1234719
0056172
0375920
0120207
0074512
1268799
0057129
0324216
2275946
1291570
0042619
0069747
0041546
0482606
0105812
1205489
2191701
3861390
0419058
0319343
0120889
0088944
1605717
0104187
1483013
1175491
0184858
1151359
4382872
0454824
0106950
1205537
6048922
0109592
0023427
2582502
0314786
0219653
2172934
1220719
0221027
0479997
0062622
1298644
1144884
0356910
0128278
1726669
0396652
0413300
2112096
1430132
2226417
0038787
1629374
3262342
0101912
0187696
0090633
5859238
0088083
2077851
7008872
5179598
0100502
0109040
4068576
0107616
0067893
1450321
0117060
0107151
0317248
1632547
0048028
0389957
0114345
0056111
1078912
1024715
0120646
1216487
0099141
0074937
1020558
6772804
2243537
0083972
2785032
5168192
2244901
0124901
0072081
1324999
0110123
0108255
2024469
0120382
0049366
0095936
0316396
0445946
0785007
0225071
0119664
1135525
0073440
3332064
0953318
0449487
2094766
0247196
0333766
3668162
2452254
0453562
0093278
0482527
0286112
0414853
0118971
3748172
1924429
0134847
0118607
0050371
0105698
0252489
1188996
0096895
0095889
0338094
2461150
0790636
8367814
0299977
0077451
7838252
0105130
1757742
0092718
0190419
0097757
0071910
4731136
1990181
1981677
0101862
0332375
0222812
3799232
0078841
7752126
6772802
0357277
0265349
0169880
0093857
3758172
0047522
3201640
0479968
1322312
0120802
0089841
1470023
0113613
2238050
0056218
7737786
7608418
0328880
0037638
0118998
1817771
0417741
0337721
0081353
5664636
1598828
0113305
1211956
0081318
0104990
0411270
1126596
0058404
0107387
0430922
0106364
0407265
8851668
6966692
0054215
0057091
0455782
8504014
0078446
3733774
1074638
0365376
1185834
0097814
3208026
0338526
2386237
1489889
0112461
0092965
1431181
1734493
0095655
0114508
1235189
0280486
1262981
0821640
2080374
0981072
0110099
0167404
0100740
0264616
1763303
6105098
0327247
3296658
2452244
7349662
0057427
7939766
0099582
0960790
1525890
0938283
0845046
0072417
0269347
3967856
8169446
0120201
5027774
5884234
0499262
10333912
5140878
2023587
0108551
3138104
0254481
1934231
0025316
0117008
0768212
3322420
1674773
9345754
0800240
0043014
0317198
4703048
0106582
2718492
0065938
0265666
0033870
1114740
0111301
0129290
7363076
0066921
0047673
0124819
1951264
0078748
0055572
0058586
1068678
0090563
0307479
1758595
0159365
2119532
7715202
5034266
0257044
5886440
3495026
7430722
6521876
1741273
0158622
0072281
0042192
0424908
0076451
0033836
0350261
0496436
0482546
0119038
0275773
0250468
2121382
0042546
1182937
0119468
0471571
0061385
0068519
0469754
1456941
0073631
1540011
0112688
1680114
0361467
0115759
1670345
0102517
0037674
7392212
8291224
0266489
0475944
0343818
0100212
0117951
0057449
0157583
2679042
0035093
0473444
0117705
0207201
0362225
8508734
0150662
0062512
0448011
0071577
3479316
0300532
0103060
0111400
3205376
0361748
0116322
0101669
0093793
0416320
1392214
0123209
2494280
0034587
0266543
1499658
0120324
0046478
0052151
0119225
0078935
0036775
1193138
0088128
0228786
0091326
0065207
1878870
0086617
0322330
0308379
0104431
0289043
4503598
0361862
0073802
6359956
0093777
8613070
4765284
0479751
0446046
0477051
0084695
0087231
0053472
0259324
3118452
4964788
0087507
0402022
0046250
9024106
0117786
4154916
0068327
0118158
0857191
0051622
0037558
1407061
0171804
0074174
3063516
0061619
0046672
0295721
4669788
1135084
1086064
0482603
1067765
2802154
0086066
0184907
1911662
4287320
1181795
0038348
0069762
0453729
0090094
7131622
2238032
5164214
6938828
4383594
0307901
1631867
0970866
0104452
0335563
0045274
0053270
0107985
1677720
1880399
1911658
0032143
0492044
0052948
0251160
0134084
0926063
0426931
0256524
2499472
0093640
0131325
4761916
0076141
2292959
1518812
0089346
0464049
0218817
4084744
0203166
6450186
3011894
0108211
0088247
0391304
0100928
0117608
0976051
0472399
0057565
2828996
0073582
4559006
0453467
4951982
0110367
3754940
0118747
0022835
0838283
0119114
0217630
0267287
3247714
0063688
0250687
0274812
0325258
2263944
0455499
1937118
0498381
1411664
0108394
5147214
4733640
0446029
2570858
0084602
0325703
0110632
0952640
0093378
0382625
0073705
0204313
8110330
1401143
0848557
0068555
0293416
0037884
1172233
0097481
0918927
0096073
0352248
1668191
1430615
0039416
0132910
0102803
0417397
0120890
6148156
0758746
5442456
0051459
6878038
0102555
1872818
5354160
1233381
1568921
0145734
0098554
1945084
0079261
6348138
2707858
0864835
0910970
2885364
0120749
2402157
0120611
0457510
0268380
0326905
0044916
2305051
6878378
0116514
0433400
0099165
0075222
0425333
0080474
0293715
0452625
0361089
0942385
2556308
0083284
0054047
0319061
5912454
0096913
0080437
0091578
0089530
0119361
2023453
0095488
0298845
0103030
0220506
1617661
0388139
0205000
0489237
0456912
0892255
1486185
1753383
0108171
0944834
0241527
2283362
0025452
8201170
0043338
0104427
0118564
1436562
0118789
2112131
1386588
0117571
1663662
0296574
2063781
0106469
3605418
1320244
5501104
0240890
0088015
0090248
2802144
8503618
0354899
0365125
0473075
0098320
0267129
6108090
0305206
0353969
0455362
0077869
0243255
0449994
2006295
1292566
0412080
0118755
1668200
0053198
0038733
0082250
0103924
0411272
0070510
2567712
0117218
0465538
0293815
1280558
1727388
0099674
1331307
1462041
0119164
0111149
0099077
1160996
1285009
1571249
0137363
0129280
0099797
0993846
0058430
0072308
0115907
0120263
0413015
0263757
0065134
0974661
0094715
0116695
0866437
2397535
4348012
0264508
0057495
0817177
0093773
6772950
6864046
0130121
3748528
3560686
1540133
1124035
2245003
1790864
0082869
0068767
7525778
0104437
2393845
0133240
1568911
1788391
2039345
1763264
1288558
1649444
0120891
0107665
0103285
6865690
0070518
6513656
0088323
0165832
0328099
0425379
5688932
0308644
0172495
0367479
0089360
3567288
1480295
0386342
1540128
0113824
1226681
2085930
1051904
0081633
5186714
0104839
0074256
0404203
0044672
2059255
0053946
0403358
1027718
0118615
0102426
2474976
3168230
0103873
1801552
3077214
0396555
1028576
0118632
0387131
0078718
1502404
0015648
1097643
3068194
1606392
2042568
1653665
0395169
1826590
0475723
0120812
0102216
0327137
0037059
0087578
5726086
0093409
2625030
0104040
0113799
1032825
0021749
1035736
0261983
6911608
1179794
0113497
0245574
1748179
0074749
0240515
3691740
4034228
4255304
0095690
0081554
1438298
0058625
0133751
6225520
2268458
1703957
6062774
0280030
0068182
0246460
3610746
0100404
1334553
0829459
2784512
0377713
10065694
1155076
0110759
1691917
2316204
2452200
0309698
1478338
1528854
4975722
5571734
1866249
0109520
0098663
0056736
1019452
0312528
0790736
0195234
5116302
0076009
0249462
0094035
1787988
0765429
0124595
0420609
9675274
0093779
0105104
0190590
0112572
4846340
0337741
3072482
0455957
1781827
6644200
0081777
2364841
1226271
0116282
1093908
1666185
0164538
0144814
0477348
0085154
3577624
1100089
4034354
0765476
0116731
0066995
0314331
0418647
0116409
1234654
0805526
1558877
0119099
2479800
0092007
0844471
0279331
0049456
6499752
9898858
6205872
1661382
1529572
0450385
0960890
0448157
1182921
0790623
2882328
0445336
1426329
0765443
0352520
0838221
1879032
2250912
0106292
0094006
1014759
2465146
0035015
0158811
0101453
0426459
0048021
1770734
1893256
1645170
0956038
0045943
0095088
0098575
3235888
0039420
1188729
0132245
3705412
3216348
0034492
0078875
0252866
1135487
0094824
0102492
0498353
1219289
0098141
0398883
0110527
2398149
1220634
0795461
0263438
1810683
0095031
1060277
4411596
9398640
0368226
0093512
0891592
8544498
0209475
0077355
0089175
0049096
0091225
8629748
0097108
0058135
0396752
0472160
0091605
0120657
0325710
3986820
0092796
1609479
0204626
0066011
0063035
0284978
3742378
9072352
0875113
0379786
1588173
0076085
1931602
0104549
1172571
0481499
0975645
0968264
4649466
0070460
2176013
1748227
0288477
0066249
1228705
0489270
7212754
4015500
0080520
0454082
0110989
0106307
4082068
0282209
0092603
0104466
0093756
2581244
0053793
0995039
0094631
0104684
4481414
0145653
0095327
4771896
0149691
0160611
4987556
1563742
0096754
0029583
0040536
0280778
2243389
0963194
1230385
0054847
0488988
5968394
1422032
2852458
0168629
0248126
1104806
0443701
1520498
0104545
1082853
2465578
2582802
1340800
0395972
0030287
0484877
0086637
2756032
1596363
0070698
2620590
1082807
0105112
0099422
0203755
5988370
1622979
0901507
0027652
6802308
6905696
0107156
0418763
7146812
4080728
5440700
0204175
0046816
0058003
0130623
0089489
0255798
0338348
0315733
1130884
9900782
0177789
0444682
7218518
0364970
1349451
0089755
0108308
5700224
0064115
1764183
0842929
5842616
0046876
0358082
0371246
1264904
0080365
1645131
0107977
0119141
0079522
5229228
0189192
1303828
0246894
1674784
6303866
1839654
0072860
0067756
0075686
0118689
0420294
0101889
0313542
1780798
0414387
0357110
0339230
1564585
0118972
1636826
3460252
0046438
1637725
0015064
1379177
5175450
0064072
2372222
2070776
2140507
0315983
1542768
0433412
0080057
2097307
1650554
1235841
2309224
6433880
0138304
5301662
1034331
1661275
0132347
0054698
0481536
0070239
0088170
0356470
0095631
3381008
2668134
0113537
1197628
0107692
0071487
0822832
2776878
1937390
0066808
0363226
10280276
0054743
0098258
1821641
0775539
3347976
1477837
5774060
2429074
3495030
1646987
1161418
0072251
5742374
0899106
0082334
0033891
0073747
0404390
0119528
1854513
3792960
2131532
0091167
0110684
3040964
2062700
0085478
0815244
0097322
0087800
0462519
7653254
0067959
2203939
0071249
0815236
4434004
0756683
0040636
3095734
1111890
0113189
2401807
1063669
1915581
1795702
1641638
1276419
0100140
2172071
1390535
1024648
0048750
0463872
0090357
1637688
2610768
2965466
0271259
0407621
2223990
0172493
3808342
0343660
0248667
0087233
0086541
1598642
0058385
0035446
0435680
2771200
2381991
0092048
1013743
1687901
4196776
2126235
0084855
0110475
0300051
0115640
6439558
5340300
0486583
1772240
1701990
0020640
0060934
0071771
2180994
9686708
0066819
0097257
0110997
2283748
1764651
0304669
6921996
0083798
0884732
1816518
0448115
1715336
0050539
0045810
2713180
1000774
0097647
0243155
3289956
1937149
0120514
0451833
0313443
5033998
7374948
0306841
0053143
0423409
1183923
0790604
0073707
0112697
1129423
0080179
1562871
1135985
0117011
5566790
0065051
0101410
2355495
0186894
0289879
0373051
1318514
6214928
0416315
0070290
0076095
0101414
4575576
0110971
0061184
0030341
0117723
0120094
0077572
1597522
0437777
1265990
0120906
0056217
0039417
0346631
0375210
0120866
0047677
0108330
0103855
0808240
0110093
0085859
2090465
0074156
0066817
0109688
4581576
6692354
0072271
5884052
0796366
1666186
0107653
0451850
1175506
3991412
0120179
0134154
0114681
0162677
0037382
3409392
0455407
2574698
0821642
0203632
1924394
0902955
0120753
0100157
0383574
3470600
0422774
1324059
0086984
0086927
1132285
0951335
1929263
6000478
3801314
0043949
0473188
1341710
0107808
1407084
1244659
1401152
0068638
0094737
0301976
1643222
0097858
1800241
0258760
0080453
5206260
0837106
0050468
0419749
0323939
0208990
1840417
2034031
0057590
0054331
1817273
0485976
0104348
0105236
2918436
8695030
0118996
0257756
0061395
0045152
0486655
0102744
0376994
0064505
3553442
0100168
0145681
0306434
3877674
0311519
2258345
0291579
0091738
0119396
0124198
0401711
0448075
0023649
0046187
0408345
4291600
1018785
0086859
0450259
4425200
2692904
4694544
0085615
2103217
0094919
2377322
0073486
0844671
0274117
0076734
0095882
0082288
0111756
0264761
0123948
0115641
9354842
1049402
0103859
1956620
1078188
4547194
0070948
0396184
0420293
0109305
5734576
0318761
0133189
2055765
2235779
2388715
0108525
4799050
0087003
0064116
0367652
4276820
0790804
0879870
1298650
1975249
4062536
0443536
0094138
3896198
0387575
0120655
1385826
0102558
3280262
0765120
1931435
1149362
0120888
0257516
0488478
0108149
0113161
0119567
0119861
5503686
0265208
0086216
0310910
7556122
0115798
0093692
1453405
2991224
1483797
5208252
0120399
0087597
2183034
11057644
1536048
0106677
0280653
0480242
2265171
0084777
1291584
0110612
0048280
1588398
10515526
2910904
0120804
0085894
0082966
0493949
0489235
0155267
0107818
0104695
4572792
0089370
0290334
0115438
0856288
0070047
1767354
1178663
0199683
1013753
0140888
0058450
0062480
0039631
0211934
1139797
3666024
1080016
0265808
1194238
0058329
7026672
3707104
0112740
0378284
0906665
0020629
0446013
0056059
0091159
1243974
1996264
0283139
1972591
1791682
1018765
1714206
5789976
0108162
1517451
0857265
0110771
1075419
0092991
0082118
0266987
0053285
1615147
2436516
1905040
6116856
0086393
0244000
1646926
0308055
0059170
0060176
0480239
5716464
2379713
7545524
0314353
0099088
1928330
1496025
0087277
0395119
0440963
6264938
0113552
0092493
1024255
4935372
0235060
0059578
0102293
0110074
1190536
0103939
0425637
0050634
2215477
0320691
0285861
7456312
0235198
2273657
0111742
0096094
0052080
7424200
0374546
0347618
0214388
0902290
0810823
1397514
1020530
0252591
0131369
0200071
0840322
0109370
0450405
1772341
2387499
4972062
3616916
0469903
0762121
1905041
9059704
1441940
0270053
0096734
0067445
1646980
0113845
0120917
0780504
0094747
0060138
0099817
1185836
0061852
6048930
0095348
1219342
2980516
0144084
1674771
1335975
1701210
0141109
0203230
0106375
0480269
0120863
1242460
1023111
0427327
1645155
1369706
0940709
1726592
0087892
0406375
0171433
7042862
1517489
0117979
0100095
0187393
0192731
1043726
0036872
4463816
3321300
0101745
2072233
0374900
9354944
0048641
0078346
1232829
0278823
0056732
0276919
0340012
0045537
1760967
0438097
1212419
1523483
0486576
5059406
0019254
0070909
1385867
0489664
0046126
1210042
0268978
5074352
0091474
0081529
0059646
0058182
0338512
0093209
1575694
0114367
3833480
0477347
0422720
0114671
1072748
3702996
7668842
0063442
0050766
0305711
0760329
2980648
0758758
0117318
2099556
0278500
0117128
6866224
2024432
0059243
0114478
0063663
0280707
0252490
0976238
1124052
0338095
9806192
0050658
2758880
1932767
2752758
2832470
0080487
4881806
0206314
0458352
0368008
2338151
0107438
2368619
0113987
0151137
0049833
2058673
0119280
4196450
0068931
1233227
0090305
0038559
0314063
0092099
1837709
0099253
0078723
1785635
1155056
1853739
0070016
0432047
0103112
0151568
0878835
0452624
0109836
5097410
4181052
0097027
1306980
0084787
0109127
0323013
2614684
1327194
0120632
0280380
0452702
0238883
0418279
2402101
0091064
1663207
0126916
3110958
0086320
1126618
0060522
0073580
3480796
0424095
0053291
0423977
0086190
0377109
0290329
0832266
2316801
1680136
0219965
1633356
3787590
0116253
0323120
3387266
3322892
0099939
0031398
0380066
2239832
0468492
1899353
7784604
2910814
0473488
0329575
2234155
0105459
0383222
0106453
0445935
4824302
0097770
0106697
1059836
0245238
1568338
0090667
1222817
0337909
0458364
1007028
7825208
4334266
0471042
1772288
0483607
0243585
0119896
0077362
2172935
0113114
6910020
0038355
0027996
0118863
6155172
0120882
0076538
0103247
0497972
0110478
0478024
0100234
0067992
0432402
0118799
0099012
7504726
1109624
0397313
1596365
1921064
0091886
0054167
0066769
2535470
0926762
0390022
0105793
0059825
2082197
1935896
2582496
0471041
1112782
0295297
0112346
0085244
0377062
3170902
0114279
0421054
0206013
1139328
1524137
1205558
0309377
5783956
0120586
2072230
2357129
1029360
8637428
0327437
1010271
0422295
0380389
0060424
0072783
0330099
0339579
4357394
0089767
4600952
0116324
0120770
0443649
0080684
0091635
0372532
0137494
0261392
0106333
0101757
1961175
1838544
0038991
0182789
0190332
1756851
5001718
0086361
0332452
0110005
8228288
0044121
0181316
0315327
0211443
3608930
0494834
0985694
1800246
0164212
0335245
0499375
0126029
0875034
6217306
1296898
1591479
0360139
4463894
5071886
0060153
0947810
0086450
0061418
0088117
0765446
0468569
0203019
0110912
3416742
0032910
0114857
0364961
7395114
0090180
0814255
1740707
1255953
0903657
0042994
0100114
1226236
0351817
0414852
0118880
0094963
1700844
3263904
0988108
7363104
9619798
0090887
0101540
0049470
0080678
0097240
8179388
7137380
0869994
0088184
2334649
4176826
0043274
0052357
3181776
0138510
0066765
0096316
3750872
0092699
0043456
2261331
0409847
2180411
2401097
1023114
0404978
2113681
0107282
5029608
1646959
0118661
5613484
6212478
0102685
0936501
0089961
9196192
0114134
0230838
0345549
3300542
0386117
0081283
1798603
2388637
4003440
2503154
5462326
0117038
0099850
0067525
0048140
3844362
1182350
0075925
0156887
0779982
8206668
7975244
0054997
0119094
4981966
2461132
0430304
4419364
2452386
6017942
2463288
0059742
0086960
1467304
3829266
1742336
7282468
0172684
8510488
0048977
1535612
1560220
2170439
1838603
1572311
4769836
0120902
0215750
0102388
0221073
0311648
0204137
2267998
0116000
2674454
1839492
0408236
0469641
0918940
2184339
5462602
0082096
0102494
1120985
5989218
0063032
0120784
0290673
0252076
2888046
0457513
0301199
2509850
0095647
1862079
0093105
0441774
3499096
0844479
0062376
0317676
0349825
1131724
1846589
0054632
6133130
2806788
0098097
2234261
0102975
5052448
0280460
0042788
9248972
1702425
0113749
3398268
0100150
0088846
0119237
0035279
0091251
3569782
0060196
0363163
2380307
0472198
6412452
1055292
1659337
0808510
0245686
0083907
0804452
0099700
11905962
0093220
0978762
0117883
2557478
0825232
0227984
0118842
6752992
0104389
0092675
0119592
0374569
0034398
1245526
1850397
0349467
0441048
0080377
0374271
0456144
0368447
1462900
0383216
0327850
5691670
7713068
1784575
3860916
0072730
0107953
0041154
0411475
0105636
0074811
0834001
0299458
0053925
1567448
1571234
1152850
2406252
3766394
0212720
0331952
1629757
2318092
1124037
0092610
1634136
2639254
0057163
0065724
0405094
0120877
2057392
0093407
2181931
0092890
0200550
0829150
0243655
6108178
2101570
0109813
0997047
0362227
0075860
0800241
0369060
3256226
0970416
0085327
0176783
0239395
1979320
0071877
0077474
0108500
0079116
1183276
0340377
0366292
1634106
0160009
2471640
1502407
0120633
0065528
1430612
0086154
0280720
0098273
0080979
0347332
0117603
0124315
0408664
0790724
0089092
2345737
0116410
0113243
2213054
0100395
0086129
0074695
0329774
0205873
0400717
6543652
2389182
0152930
1488555
3315342
5886046
0363473
0379217
5697572
0059592
3646462
0108160
0427309
0339840
3210686
0040416
1374989
2870708
3881784
0272338
0416496
5442430
0175880
1091191
0036342
2944198
0087078
0120620
1327035
0102798
0106246
2584384
0087799
0460740
0119668
0403702
1016075
1679335
0416508
0120915
2070862
0361841
7014006
2112124
1213648
0938330
0032138
1567437
0104797
2872462
0329388
0057197
0109287
0102510
0381966
2066051
0128332
0083111
2402105
0166485
6320628
0082416
0059550
1895315
0040525
1336617
0274558
0053459
0373981
1041829
0111579
0040979
2203308
0257076
0110877
0468489
0078902
0491203
1711525
1528071
0486551
0076752
0292963
0345551
0808185
0363771
1762399
5001754
0083866
0494238
6628102
0104868
0892767
0955308
1326972
1201607
4652650
0236493
0119485
2837574
2084989
0384642
2115295
0078767
7401588
0089695
0105275
0376108
0974613
2317225
0117894
0290095
2852400
0033804
1235166
1502712
0134983
0120764
0816711
1825683
0119925
0417001
0206275
2582782
1241195
8244784
0094964
0115693
0078243
0329028
0087469
0081455
0077631
1373156
1340107
6217608
0364343
0455824
5709188
0119738
1322930
3520418
0280969
6857166
2467046
0114369
0041113
0479537
0913354
0807758
0085750
0112887
1198138
0056193
0831884
0092076
1172991
2404461
0079766
0058150
0324554
0770772
0149601
0102713
0785035
0765432
0049261
0356634
0382932
0295178
0974015
4190530
1535109
2091935
0456554
7738784
0348150
1964624
0089114
9683478
1285309
3387542
1305591
2884018
0376968
0042895
0081505
0120630
1854236
1244754
1767382
0344854
0097202
0314412
0084335
0496806
3125324
0271946
0795434
1077248
1977895
9580138
0466839
2056771
0419198
3203606
0094746
0499549
0373074
0139134
3322364
0093300
0063759
0470055
1473832
0294357
0382330
0415306
1989475
7772580
0101587
0104291
0061996
0277371
1238291
6587640
0829482
0119116
0029162
0842926
0374102
0429493
1869716
0372183
0109484
0110006
5080556
0253798
1758810
0079833
0103776
1321509
0479500
0059885
6588966
1070874
1951181
0105151
1320239
0097637
1258972
0091480
0098966
0462465
1865569
2752200
1263750
0080310
0051994
1027862
0054130
0104181
0278488
1424381
0770703
1659343
0452643
2376218
7255568
0457419
0493264
0389328
0113568
0042041
0108037
1881002
0084434
10003008
2231554
10199590
0376136
2296777
0338337
0109045
2004432
1433822
0100449
2120120
0889573
1334260
0069280
3127022
3704050
0073341
0350028
0029947
0309987
1935194
2608224
1878841
10481868
0452681
0166943
1129442
0027125
0411267
0258038
2975578
0058700
1935902
0449086
1135092
3531824
0079574
0120780
0105466
0088680
1231277
1152398
1583420
0491152
0087957
0409011
0339034
0073629
0070643
0342492
0443456
0090022
1069238
1517260
0372237
0401729
0031679
0305224
1563738
0796375
0113855
0086837
0373856
2537176
0284837
1602620
0094602
0112722
2171867
0412798
0095489
2239822
7547410
0942384
1255919
3401882
0067866
0094898
2279339
0800003
5536610
1259571
0477139
1904996
0069293
0398712
0438859
2398249
0109759
0421073
0094606
1698648
0831887
0473705
0465203
0083806
0043278
0796302
2948372
4477536
3760922
0450340
0118548
1536410
7634968
0116908
0473360
0146838
0163988
0107978
1098327
1341167
0365686
0069995
1756799
0040613
0409459
0172396
1524575
0386005
0488798
7390646
0411705
0058947
1536537
0066999
0325805
0184894
0824747
1196204
1605630
0196216
2293640
3501112
4178092
0775529
2139881
1054580
2737304
0088172
0300556
0051418
0381849
2390361
0242193
0097428
2820852
0054357
1286126
6127004
0113041
0328589
0040522
0467200
0451094
0317648
0433416
6079516
7019842
3678782
4731148
5304464
1712261
0091080
1935302
0308383
0029850
0309820
0457939
0052561
5785170
0165798
5536736
4682266
0765447
0252597
0105629
0087075
1979376
0286499
0427470
10288566
4729430
0119874
0206634
0114287
1606389
0452637
0067741
3449292
0086993
0449010
1823664
1821694
1600196
0089153
0285175
0371606
3721954
5689068
3111426
0093870
0443543
0926129
0494652
0099423
3513498
1535438
0118826
0092644
0164052
2383068
1560985
0114558
3469046
0067185
0109707
0445934
0099615
0112864
0208003
0286306
0421082
0083791
0099800
0145503
0077681
0058548
0079817
0057115
0078252
0096870
1399103
0060397
1142988
1532957
0482463
0081748
2316411
0116683
0199725
0256009
0119375
2167266
0446059
0420087
5112578
0093191
1620981
4160708
0121164
0052918
0268995
0419706
0100514
2096673
1935179
0120737
2788710
0330229
0124298
0040506
4682786
0366627
0168786
7137846
1247692
0095243
0038166
0365675
0426578
1210166
0210234
2567026
9134216
0770828
0057546
0082269
2302966
0050086
0285492
3278330
2503944
0253614
0191754
1860353
0881891
3212232
0377818
0076590
0283084
1855325
3495000
8201852
0111070
2170299
0311429
0086619
0072890
0116756
0119115
0112553
0460791
0339412
0103759
0963178
5700672
1872181
8254556
0441909
1198156
1282140
0116126
0115956
2369135
0102598
7958736
0068762
0462335
1244668
0044079
0338013
0082031
1253864
0037469
0399295
0120184
1068242
1730768
1235448
0454919
0486822
0062759
1555064
0014429
2034800
6533240
1029231
7919680
0065214
0088258
0051036
1302011
0355295
0468565
1212436
0417791
0357507
1512235
0080009
1832382
0078163
8144834
0119942
0031762
0850253
0118111
0064040
2717860
0466893
0046487
1345836
0117110
1104733
1756476
2126355
1277953
0414993
0222012
0466342
0103994
0047422
0272152
0477302
5865326
8236336
0047528
1436568
0190138
2328900
1014775
0465430
0438315
1405365
1836944
0076162
4046784
7700730
0080491
0892782
6133466
